real     =  -0.250237   -0.198710   -0.198710    2.260086  -12.612430  
Imag    =   0.000000    0.813313   -0.813313    0.000000    0.000000  
คำf(x)คำ =   0.000000    0.000000    0.000000    0.000000    0.000000  