x1 : 3037.956354 
x2 : -4032.992722 
x3 : 3880.049237 
x4 : 0.010000
f0 = -0.000015
f1 = -0.000015
f2 = -0.000016
f3 = -0.000016
