x1 : 2164.799097 
x2 : -4405.321817 
x3 : 4052.891539 
x4 : 0.010008
f0 = 0.000000
f1 = -0.000000
f2 = 0.000000
f3 = -0.000000
