x1 : -1116.826737 
x2 : 4830.251592 
x3 : 3998.988574 
x4 : 0.010012
f0 = -0.000000
f1 = -0.000000
f2 = -0.000000
f3 = -0.000000
