real     =  -0.356062   -0.356062    1.241677    1.970446  
Imag    =   0.162758   -0.162758    0.000000    0.000000  
คำf(x)คำ =   0.000000    0.000000    0.000000    0.000000  